cometNumberAndOrbitType year month day perihelionDistancePD eccentricityE orbitalPeriodAndPerihelionW longitudeL inclinationI epochDate magnitudeMag slopeParameter namePart1 reference
0001P         1986 01  9.4372  0.596890  0.966587  110.9169   57.9875  162.3364  20190228   5.5  3.2  1P/Halley                                                 98/1083
0002P         2020 06 25.8488  0.336444  0.848090  186.5669  334.5602   11.7688  20190228  11.5  6.0  2P/Encke                                                 MPC105240
0004P         2021 09  6.4968  1.580864  0.584004  206.0486  194.7030    8.1473  20190228   8.0  6.0  4P/Faye                                                  MPC_92275
0006P         2021 09 18.0433  1.357480  0.612104  178.0589  138.9213   19.5021  20190228   7.5 16.0  6P/d'Arrest                                              MPC_95735
0007P         2021 05 26.9769  1.235357  0.638466  172.5280   93.3804   22.3634  20190228  10.0  6.0  7P/Pons-Winnecke                                         MPC_92984
0008P         2021 08 28.0871  1.025954  0.819876  207.5205  270.2100   54.9143  20190228   8.0  8.0  8P/Tuttle                                                MPC_75715
0009P         2016 08  2.8904  1.543044  0.509712  179.2805   68.7386   10.4752  20190228   5.5 10.0  9P/Tempel                                                MPC_84319
0010P         2021 03 24.4789  1.414212  0.538100  195.4875  117.8012   12.0379  20190228   5.0 10.0  10P/Tempel                                               MPC_92984
0011P         2020 11 23.9929  1.394148  0.578131  167.1303  239.1978   14.5641  20190228  17.0  4.0  11P/Tempel-Swift-LINEAR                                  MPC105240
0012P         2024 04 21.8825  0.778783  0.954244  199.1130  255.6884   74.0512  20190228   5.0  6.0  12P/Pons-Brooks                                           27/604
0013P         2024 06 30.8994  1.165609  0.929969   64.6518   85.8362   44.6275  20190228   5.0  6.0  13P/Olbers                                                27/604
0014P         2017 12  1.9143  2.742528  0.356226  158.9961  202.1107   27.9000  20190228   5.5 12.0  14P/Wolf                                                 MPC_10028
0015P         2021 07 13.9233  0.992276  0.716734  347.8579   13.7200    6.7965  20190228  12.0  4.0  15P/Finlay                                               MPC_91617
0016P         2021 04 16.1472  1.854296  0.491582  245.0435  139.5038    2.9978  20190228   7.5 10.0  16P/Brooks                                               MPC_92276
0017P         2021 02 20.3362  2.076268  0.428348   24.6513  326.7014   19.0254  20190228  10.0  6.0  17P/Holmes                                               MPC_83523
0019P         2022 02 27.0966  1.298176  0.636794  353.0816   74.9751   31.2634  20190228   4.5 10.0  19P/Borrelly                                             MPC_92984
0021P         2018 09 10.2744  1.012757  0.710412  172.8568  195.3901   31.9977  20190228   9.0  6.0  21P/Giacobini-Zinner                                     MPC111773
0022P         2022 03 17.8690  1.554749  0.548616  162.9109  120.8379    4.7401  20190228   3.0 10.4  22P/Kopff                                                MPC_94283
0023P         1989 08 27.4378  0.494278  0.970858  129.1553  312.0889   19.2163  20190228   7.8  3.2  23P/Brorsen-Metcalf                                      MPC_14747
0024P         2017 11 17.1319  1.202804  0.705357   57.9537   79.6266   11.7444  20190228   6.5 14.0  24P/Schaumasse                                           MPC110085
0026P         2018 10  1.8138  1.082243  0.640937    2.1951  211.5315   22.4494  20190228  12.0 16.0  26P/Grigg-Skjellerup                                     MPC_94674
0027P         2011 07 27.4781  0.754918  0.917931  196.0400  250.5703   29.0988  20190228  12.0  8.0  27P/Crommelin                                            MPC_78188
0028P         2021 03 12.1855  1.578300  0.773295  347.4504  346.3448   14.3109  20190228   8.5  6.0  28P/Neujmin                                              MPC_75715
0029P         2019 03  7.8191  5.766822  0.042989   47.7780  312.3955    9.3685  20190228   4.0  4.0  29P/Schwassmann-Wachmann                                 MPC111773
0030P         2017 08 19.9930  1.870208  0.504309   13.4670  119.4427    8.1584  20190228   9.5  6.0  30P/Reinmuth                                             MPC110085
0031P         2019 07  6.1895  3.425356  0.193092   18.3644  114.1112    4.5469  20190228   5.0  8.0  31P/Schwassmann-Wachmann                                 MPC108597
0032P         2014 10 16.4564  1.999143  0.555866   53.2698   57.7576    9.9560  20190228   6.5  8.0  32P/Comas-Sola                                           MPC_92276
0033P         2016 08 21.9087  2.201332  0.458581   20.4224   66.3644   22.4503  20190228  10.0 12.0  33P/Daniel                                               MPC_84320
0035P         2092 01  5.6514  0.767232  0.973148   29.2480  355.9799   64.0839  20190228   8.5  4.0  35P/Herschel-Rigollet                                     15/452
0036P         2020 05 31.2207  3.022705  0.268264  200.6633  181.8712    9.9518  20190228   8.5  6.0  36P/Whipple                                              MPC105240
0037P         2018 05  4.1528  1.610448  0.534167  330.0017  314.5856    8.9561  20190228  10.5  4.8  37P/Forbes                                               MPC110085
0038P         2018 11 10.9734  1.588579  0.859262  359.5801   77.9999   18.3532  20190228   3.5 12.0  38P/Stephan-Oterma                                       MPC111773
0039P         2023 05  9.3318  5.762759  0.222949   94.5756  299.2506    1.5601  20190228   5.0  6.0  39P/Oterma                                               MPC_75716
0040P         2014 11 15.1948  1.826809  0.630816   47.4431  133.8113   11.4764  20190228   5.5 12.0  40P/Vaisala                                              MPC_10028
0041P         2017 04 12.6676  1.046214  0.660862   62.2284  141.0290    9.2243  20190228  10.0 16.0  41P/Tuttle-Giacobini-Kresak                              MPC105240
0042P         2015 04  9.2674  2.021870  0.585110  147.0969  150.2301    3.9862  20190228  13.0  6.0  42P/Neujmin                                              MPC_94283
0043P         2016 12 23.7361  1.239684  0.643337  199.4012  249.1279   20.8501  20190228   8.0  6.0  43P/Wolf-Harrington                                      MPC102956
0044P         2022 04 24.3219  2.115973  0.426531   58.1311  286.4762    5.8980  20190228   8.3  6.0  44P/Reinmuth                                             MPC_89313
0045P         2016 12 29.7618  0.550929  0.819208  327.9978   87.7019    4.3256  20190228  13.5  8.0  45P/Honda-Mrkos-Pajdusakova                              MPC103849
0046P         2018 12 12.9427  1.055384  0.658710  356.3607   82.1530   11.7450  20190228  14.0  6.0  46P/Wirtanen                                             MPEC_2018-Y74
0047P         2017 06 10.0144  2.817018  0.317352  357.6223  356.9549   13.0289  20190228   1.0 11.2  47P/Ashbrook-Jackson                                     NK_2718
0048P         2018 08 12.2245  2.004554  0.427065  216.5726  110.1310   12.2069  20190228  10.0  6.0  48P/Johnson                                              MPC_94675
0049P         2018 07 15.4938  1.429732  0.599366  332.8935  118.8231   19.0432  20190228  11.3  4.4  49P/Arend-Rigaux                                         MPC_94675
0050P         2016 02  6.8641  1.928149  0.528577   49.4078  355.1562   19.0976  20190228   9.5  6.0  50P/Arend                                                MPC_95735
0051P         2015 08 12.2220  1.698016  0.542401  269.1956   83.6958    5.4246  20190228  10.0  8.0  51P-A/Harrington                                         NK_3014
0051P         2015 08 11.1333  1.697802  0.542335  269.2345   83.6805    5.4254  20190228  16.0  8.0  51P-D/Harrington                                         NK_3013
0052P         2021 10  5.6929  1.778162  0.539462  139.6277  336.8375   10.2307  20190228  13.5  6.0  52P/Harrington-Abell                                     MPC_88330
0053P         2016 04 30.4319  2.426854  0.552322  134.2863  148.8821    6.6068  20190228   7.7  4.8  53P/Van-Biesbroeck                                       MPC_10028
0054P         2017 04 15.3373  2.183091  0.424775    1.7945  358.8314    6.0577  20190228  10.0  6.0  54P/de-Vico-Swift-NEAT                                   NK_2713
0055P         2031 05 20.5291  0.961336  0.907039  172.5847  235.4058  162.3382  20190228  10.0 10.0  55P/Tempel-Tuttle                                        MPC_31070
0056P         2016 07 18.0229  2.506522  0.506219   44.1169  345.9726    8.1514  20190228   8.5  6.0  56P/Slaughter-Burnham                                    MPC101100
0057P         2021 10 17.6082  1.723430  0.500293  115.1466  188.7980    2.8489  20190228  12.5  6.0  57P/du-Toit-Neujmin-Delporte                             MPC_98565
0058P         2020 05 24.9515  1.374710  0.663155  200.4200  159.2062   13.1050  20190228  15.5  6.0  58P/Jackson-Neujmin                                      MPC_65938
0059P         2018 09 16.7498  2.358732  0.475096  127.6975  312.8261    9.3400  20190228   7.0  6.0  59P/Kearns-Kwee                                          MPC111774
0060P         2018 12 11.2332  1.622659  0.537697  216.5541  267.5839    3.6065  20190228  11.5  6.0  60P/Tsuchinshan                                          MPC_94675
0061P         2015 09 30.2859  2.121589  0.424015  221.9706  163.0027    6.0001  20190228   6.0 10.0  61P/Shajn-Schaldach                                      MPC_95213
0062P         2017 11 16.7572  1.381301  0.598913   30.4365   90.1862    9.7291  20190228   8.0 10.0  62P/Tsuchinshan                                          MPC109147
0063P         2013 04  9.6491  1.961685  0.649826  169.1874  358.0031   19.7603  20190228  10.5  6.0  63P/Wild                                                 MPC_84320
0064P         2018 11  3.8923  1.393169  0.687481   97.1509  299.9959    8.9490  20190228   9.5 12.0  64P/Swift-Gehreis                                        MPC111774
0065P         2017 10 17.2104  2.910766  0.250051  213.6328   62.0191    9.1851  20190228   5.0  6.0  65P/Gunn                                                 MPC104795
0066P         2018 05 19.1760  1.290249  0.786923  257.2252   21.8961   18.6736  20190228  12.0  3.6  66P/du-Toit                                              MPC109147
0067P         2021 10 23.5779  1.119103  0.671106   17.4372   42.3847    4.5243  20190228  11.0  4.0  67P/Churyumov-Gerasimenko                                MPC_89011
0068P         2019 11  9.0202  1.793383  0.637944  153.0327  175.1220   11.1119  20190228  10.0  4.0  68P/Klemola                                              MPC_75716
0069P         2019 03 18.2798  2.283389  0.413273  343.5734  104.8303   22.0321  20190228   9.5 12.0  69P/Taylor                                               MPC102100
0070P         2021 11  3.6736  2.009196  0.453172    1.9017  119.2687    6.5984  20190228  11.0  6.0  70P/Kojima                                               MPC_92276
0071P         2017 06 30.3273  1.586539  0.494325  208.9648   59.4450    9.4448  20190228   9.8  6.0  71P/Clark                                                MPC107051
0072P         2023 06 17.4530  0.786708  0.817569  346.6681   26.6981   10.9178  20190228  17.5 10.0  72P/Denning-Fujikawa                                     MPC_89011
0073P         2017 03 17.0108  0.971962  0.685746  199.4094   69.6578   11.2383  20190228  11.5  6.0  73P/Schwassmann-Wachmann                                 MPC106348
0073P         2017 03 17.0062  0.971822  0.685950  199.3909   69.6603   11.2404  20190228  11.5  6.0  73P-BT/Schwassmann-Wachmann                              MPC106348
0074P         2018 01 29.4432  3.537860  0.150575   87.5619   77.0466    6.6545  20190228   5.0  6.0  74P/Smirnova-Chernykh                                    MPC102956
0076P         2019 10 26.1696  1.604684  0.538103    0.0381   84.1255   30.4571  20190228   8.0 12.0  76P/West-Kohoutek-Ikemura                                MPC102100
0077P         2016 05 13.7311  2.340944  0.353083  196.8452   14.8091   24.3391  20190228   7.0  8.0  77P/Longmore                                             MPC_10028
0078P         2019 04  2.6999  2.013823  0.461555  192.6850  210.5481    6.2488  20190228   5.5  8.0  78P/Gehrels                                              MPC102101
0079P         2018 09 13.3362  1.120829  0.619228  281.8405  280.5245    3.1479  20190228  16.0  4.0  79P/du-Toit-Hartley                                      MPC_94675
0080P         2022 12  7.6750  1.611941  0.599434  339.2308  259.8217   29.9491  20190228   9.0  8.0  80P/Peters-Hartley                                       MPC_89313
0081P         2016 07 19.9458  1.594361  0.537737   41.7227  136.1192    3.2379  20190228   7.0  6.0  81P/Wild                                                 MPC105241
0082P         2018 06 28.2017  3.634162  0.122207  227.1320  239.3171    1.1283  20190228   5.0  8.0  82P/Gehrels                                              MPC_75717
0084P         2020 06  3.3682  1.721485  0.515984  281.3333  108.1969    7.5420  20190228   9.5  8.0  84P/Giclas                                               MPC105241
0086P         2022 02  6.9953  2.261633  0.372668  179.2532   72.3813   15.4776  20190228  11.0  6.0  86P/Wild                                                 MPC_79347
0087P         2020 05  9.1080  2.100082  0.389419   24.8768  181.8716    2.6021  20190228   7.2 10.0  87P/Bus                                                  MPC105241
0088P         2020 09 26.6214  1.354124  0.564041  235.8762   56.6946    4.3835  20190228  11.0  6.0  88P/Howell                                               MPC105241
0089P         2016 12 15.0226  2.220085  0.408541  250.1966   41.4399   12.0749  20190228  11.5  6.0  89P/Russell                                              MPC_10028
0090P         2017 06 18.9140  2.973607  0.509388   29.1968   13.2350    9.6357  20190228   8.5  6.0  90P/Gehrels                                              MPC107051
0091P         2020 11  8.9933  2.605566  0.330657  354.6808  247.8335   14.0917  20190228   7.5  6.0  91P/Russell                                              MPC105241
0092P         2015 03  1.3693  1.819811  0.659715  163.6967  181.4243   19.4565  20190228  12.0  6.0  92P/Sanguin                                              MPC_88331
0093P         2017 03  1.1715  1.701839  0.612085   74.9278  339.6160   12.1997  20190228   9.5  6.0  93P/Lovas                                                NK_2707
0094P         2016 10 26.9427  2.227937  0.364761   92.5748   70.8620    6.1879  20190228   9.0  6.0  94P/Russell                                              MPC_84320
0095P         1996 02 25.4784  8.463606  0.380702  339.8079  209.2108    6.9475  20190228   6.3  2.0  95P/Chiron                                               MPC_75717
0096P         2017 10 27.9735  0.123358  0.959338   14.7563   94.2663   58.2996  20190228  13.0  4.8  96P/Machholz                                             MPC106348
0097P         2022 02 15.6794  2.594299  0.459128  228.3582  184.9689   17.8429  20190228   5.5  6.0  97P/Metcalf-Brewington                                   MPC_77020
0098P         2021 01  4.9022  1.664592  0.562084  157.8614  114.7064   10.5595  20190228   9.0  8.0  98P/Takamizawa                                           MPC_83523
0099P         2022 04 10.9542  4.706053  0.230928  174.7561   28.1565    4.3379  20190228   4.5  6.0  99P/Kowal                                                MPC_75718
0100P         2016 04  2.1985  2.013257  0.413132  181.9823   37.7240   25.5854  20190228   9.0  8.0  100P/Hartley                                             MPC_84321
0101P         2020 01 13.6044  2.345451  0.595268  277.7360  116.1865    5.0529  20190228  10.0  4.8  101P/Chernykh                                            MPC105241
0102P         2021 01 22.6673  2.065846  0.457867   20.6112  339.4969   25.8777  20190228   6.5  8.0  102P/Shoemaker                                           MPC_86232
0103P         2017 04 20.1794  1.067867  0.692920  181.3280  219.7271   13.5917  20190228   8.5  8.0  103P/Hartley                                             MPC110085
0104P         2016 04 19.2472  1.066573  0.667469  200.6972  234.7710   10.1116  20190228  16.0  4.0  104P/Kowal                                               MPC_10028
0105P         2018 08 10.2278  2.044370  0.410264   46.4517  192.4199    9.1748  20190228  11.5  6.0  105P/Singer-Brewster                                     MPC109147
0106P         2021 08 16.5211  1.500521  0.599272  353.6509   49.5021   19.9508  20190228  14.0  4.8  106P/Schuster                                            MPC_92276
0107P         2018 05 23.5268  0.969709  0.630834   95.3944  266.8177    2.7982  20190228  16.0  2.0  107P/Wilson-Harrington                                   MPC_94676
0108P         2021 09  3.2479  1.597131  0.568928  354.1541   51.6348   12.0071  20190228   8.0 12.0  108P/Ciffreo                                             MPC_89313
0109P         1992 11 28.4809  0.951335  0.963528  152.9027  139.3011  113.6580  20190228   4.5  6.0  109P/Swift-Tuttle                                        105/420
0110P         2021 10 19.0083  2.460951  0.316942  167.3738  287.5283   11.7046  20190228   1.0 12.0  110P/Hartley                                             MPC_91618
0111P         2021 06 19.2526  3.705766  0.105220    1.5074   89.7630    4.2275  20190228   5.0  8.0  111P/Helin-Roman-Crockett                                MPC_75718
0112P         2020 02  7.9724  1.447150  0.589589   21.4689   31.8589   24.1910  20190228  14.0  6.0  112P/Urata-Niijima                                       MPC105241
0113P         2022 04 11.5306  1.890199  0.473596   90.8029  333.1346    4.1183  20190228  13.5  4.0  113P/Spitaler                                            MPC_92984
0114P         2020 01 14.1324  1.579306  0.554606  172.8311  271.0606   18.2725  20190228  11.5  6.0  114P/Wiseman-Skiff                                       MPC105241
0115P         2020 07 29.9596  2.056882  0.518506  121.0461  176.0394   11.6750  20190228  10.5  6.0  115P/Maury                                               MPC105241
0116P         2016 01 11.3178  2.191089  0.371575  173.4081   21.0018    3.6063  20190228   2.5 10.0  116P/Wild                                                MPC106348
0117P         2022 07  6.3380  3.045465  0.255381  222.5449   58.8744    8.7015  20190228   2.5  8.0  117P/Helin-Roman-Alu                                     MPC_95735
0118P         2016 06 24.6814  1.941626  0.437683  304.1780  149.6549    8.5322  20190228  12.0  4.0  118P/Shoemaker-Levy                                      MPC_95735
0119P         2022 08  5.7168  2.501924  0.378454  181.1285  240.5062    5.8007  20190228   3.5  8.0  119P/Parker-Hartley                                      MPC_84628
0120P         2021 05  3.0918  2.496984  0.375481   34.0620  359.9728    8.4769  20190228  12.0  4.0  120P/Mueller                                             MPC_80901
0121P         2023 06 29.8694  3.746502  0.183761   11.2534   94.1421   20.1641  20190228   6.5  8.0  121P/Shoemaker-Holt                                      MPC_10028
0122P         1995 09 29.0273  0.663596  0.962394   13.0387   79.4990   84.5520  20190228   7.5  5.2  122P/de-Vico                                             MPC_75718
0123P         2019 02  5.1152  2.126880  0.448628  103.0111   46.4994   15.3596  20190228   4.0 10.0  123P/West-Hartley                                        MPC102101
0124P         2020 04 26.8428  1.647353  0.503622  183.8380    0.3847   31.5134  20190228  13.5  2.8  124P/Mrkos                                               MPC105242
0125P         2018 08 27.9313  1.520123  0.513432   87.1699  153.1741    9.9893  20190228  13.0  6.0  125P/Spacewatch                                          MPC_94676
0126P         2023 07  6.4755  1.718505  0.695468  356.4977  357.8249   45.8050  20190228   6.0  8.0  126P/IRAS                                                MPC_66205
0127P         2016 03 16.8369  2.207564  0.359889    6.6262   13.6512   14.3007  20190228  11.0  6.0  127P/Holt-Olmstead                                       MPC_84321
0128P         2017 01 10.2306  3.055842  0.320436  210.4986  214.2951    4.3648  20190228   8.5  4.0  128P/Shoemaker-Holt                                      MPC_75719
0129P         2022 12  9.1487  3.918241  0.084133  308.6373  184.8911    3.4441  20190228  11.0  4.0  129P/Shoemaker-Levy                                      MPC_10028
0130P         2018 01 21.8226  1.823584  0.461011  245.9251   70.2557    6.0653  20190228  10.0  6.0  130P/McNaught-Hughes                                     MPC_78188
0131P         2019 01 24.2177  2.417501  0.343325  179.0746  214.1921    7.3538  20190228  11.0  4.0  131P/Mueller                                             MPC102101
0132P         2021 11 12.6387  1.673281  0.567605  216.3662  174.5035    5.3934  20190228  11.0  6.0  132P/Helin-Roman-Alu                                     MPC_92985
0133P         2018 09 20.7908  2.664838  0.157242  131.5017  160.1351    1.3893  20190228  15.4  2.0  133P/Elst-Pizarro                                        MPC_94676
0134P         2014 05 22.1337  2.577608  0.587741   18.8050  202.0833    4.3492  20190228  11.5  4.0  134P/Kowal-Vavrova                                       MPC_89012
0135P         2022 04  6.3090  2.679545  0.295776   22.1534  213.0740    6.0628  20190228   7.0  8.0  135P/Shoemaker-Levy                                      MPC_92985
0136P         2016 05 30.4882  2.975101  0.291396  224.9663  137.4346    9.4198  20190228  11.0  4.0  136P/Mueller                                             MPC101100
0137P         2018 12 13.3886  1.930214  0.572909  141.0146  233.0807    4.8539  20190228  11.0  4.0  137P/Shoemaker-Levy                                      MPC_75719
0138P         2019 05  2.7673  1.702793  0.530070   95.6159  309.3324   10.0897  20190228  15.0  6.0  138P/Shoemaker-Levy                                      MPC102101
0139P         2017 12 10.2429  3.413716  0.246132  165.9616  242.2097    2.3333  20190228   9.5  4.0  139P/Vaisala-Oterma                                      MPC108598
0140P         2015 08  7.9619  1.989763  0.691188  172.9625  343.3617    3.8227  20190228  11.5  6.0  140P/Bowell-Skiff                                        MPC_92985
0141P         2020 12 14.7286  0.800663  0.737612  153.6907  241.8656   13.9931  20190228  12.0 12.0  141P/Machholz                                            MPC105242
0142P         2021 05 13.9880  2.501641  0.498224  174.1923  176.2423   12.2575  20190228   8.5  6.0  142P/Ge-Wang                                             MPC_71683
0143P         2018 05  6.8723  2.530909  0.410887  320.7343  245.3002    4.6976  20190228  13.5  2.0  143P/Kowal-Mrkos                                         MPC_94676
0144P         2016 09  3.0223  1.395394  0.635962  215.4638  245.4556    4.1754  20190228   8.5  8.0  144P/Kushida                                             MPC104795
0145P         2017 08 31.7843  1.903474  0.540577   10.3251   26.8031   11.2602  20190228  13.5  4.0  145P/Shoemaker-Levy                                      MPC108598
0146P         2016 06 29.9024  1.428964  0.645903  316.9175   53.4519   23.0737  20190228  15.0  4.0  146P/Shoemaker-LINEAR                                    MPC_10028
0147P         2016 03  5.0267  2.808595  0.271101  350.1405   93.3640    2.3794  20190228  14.0  4.0  147P/Kushida-Muramatsu                                   MPC_75720
0148P         2022 06 19.0888  1.679217  0.541720    6.4571   89.7141    3.6878  20190228  16.0  2.0  148P/Anderson-LINEAR                                     MPC_89730
0149P         2019 02 16.9982  2.633540  0.389881   43.7983  145.2338   29.7708  20190228   8.0  8.0  149P/Mueller                                             MPC_75720
0150P         2016 07 24.5109  1.759667  0.546564  245.6265  272.4092   18.5086  20190228  13.5  4.0  150P/LONEOS                                              MPC_75720
0151P         2015 10  7.9588  2.468010  0.572130  216.1083  143.1419    4.7230  20190228  10.0  6.0  151P/Helin                                               MPC_95214
0152P         2022 01 12.4035  3.098605  0.309109  163.6630   91.8699    9.8796  20190228  11.5  4.0  152P/Helin-Lawrence                                      MPC_79346
0153P         2002 03 16.9715  0.521859  0.989800   35.1729   93.0533   27.7144  20190228   7.0  4.0  153P/Ikeya-Zhang                                         MPC_46101
0154P         2013 12  5.4222  1.562911  0.674694   47.9151  342.9828   17.6227  20190228   2.5 12.0  154P/Brewington                                          MPC_87068
0155P         2019 11 15.2230  1.801619  0.726575   14.6813   97.1994    6.3958  20190228  10.0  4.8  155P/Shoemaker                                           MPC_75720
0156P         2020 11 16.5254  1.326598  0.617045  359.9495   35.8855   17.4479  20190228  15.5  2.0  156P/Russell-LINEAR                                      MPC105242
0157P         2016 06 15.3234  1.321825  0.610164  150.4531  297.9548    7.4995  20190228  10.0  4.0  157P/Tritton                                             MPC104795
0158P         2023 05  3.5384  4.710706  0.018374  240.4953  136.6556    7.8654  20190228   9.0  4.0  158P/Kowal-LINEAR                                        MPC_10028
0159P         2018 05 22.5767  3.624958  0.381520    4.7259   55.0231   23.4620  20190228  10.0  4.0  159P/LONEOS                                              MPC_75721
0160P         2019 12  2.2906  1.787293  0.526517   12.5976  333.4044   15.6107  20190228  15.5  2.0  160P/LINEAR                                              MPC102101
0161P         2026 11 29.1114  1.278287  0.834566   46.9100    1.3467   95.6659  20190228   8.5  6.0  161P/Hartley-IRAS                                        MPC_75721
0162P         2020 12  7.4519  1.285113  0.583930  357.1031   31.0454   27.6357  20190228  12.0  4.0  162P/Siding-Spring                                       MPC105242
0163P         2019 08  5.2706  2.066548  0.451975  349.7124  102.0927   12.7075  20190228  14.5  4.0  163P/NEAT                                                MPC102101
0164P         2018 05 31.3771  1.685131  0.539654  325.9144   88.3065   16.2532  20190228  11.0  4.0  164P/Christensen                                         MPC106349
0165P         2000 05 29.5453  6.891383  0.615424  126.4058    0.6380   15.9027  20190228  11.5  2.0  165P/LINEAR                                              MPC_75721
0166P         2002 04 29.7172  8.582660  0.380490  321.6054   64.5383   15.3576  20190228   5.5  4.0  166P/NEAT                                                MPC_75722
0167P         2001 04 22.8139 11.743801  0.273265  343.7700  295.6872   19.1166  20190228   9.5  2.0  167P/CINEOS                                              MPC_75722
0168P         2019 08  5.1391  1.358930  0.620542   14.9875  355.4747   21.6112  20190228  15.5  4.0  168P/Hergenrother                                        MPC102101
0169P         2018 04 29.5788  0.603741  0.767966  218.0883  176.0855   11.2949  20190228  16.0  2.0  169P/NEAT                                                MPC_94676
0170P         2023 04 23.2040  2.925670  0.303112  225.7330  142.9163   10.1246  20190228  12.0  4.0  170P/Christensen                                         MPC_89012
0171P         2019 01 13.7106  1.772326  0.501948  347.1480  101.6959   21.9334  20190228  13.5  4.0  171P/Spahr                                               MPC102102
0172P         2017 03 13.5957  3.338501  0.206630  209.2397   30.8897   11.2367  20190228  13.0  4.0  172P/Yeung                                               MPC_93588
0173P         2021 12 19.1764  4.211821  0.260643   29.5289  100.4059   16.4966  20190228   7.5  4.0  173P/Mueller                                             MPC_75722
0174P         2015 04 21.5143  5.811305  0.456349  162.8007  173.3089    4.3436  20190228   9.4  2.0  174P/Echeclus                                            MPC_92985
0175P         2019 09 30.7554  1.946355  0.432252   56.1806  123.5335    6.0770  20190228  14.0  4.0  175P/Hergenrother                                        MPC102102
0176P         2017 03 11.4620  2.578329  0.192751   35.2602  345.8786    0.2347  20190228  15.1  2.0  176P/LINEAR                                              MPC_88331
0177P         2006 08 25.5906  1.102612  0.954721   60.2128  272.3470   31.3311  20190228  15.0  4.0  177P/Barnard                                             MPC_75723
0178P         2020 07 16.3142  1.884677  0.481791  297.5903  102.8736   11.0823  20190228  13.5  4.0  178P/Hug-Bell                                            MPC105242
0179P         2022 05 27.0161  4.132115  0.305320  296.2766  115.5203   19.8918  20190228   2.5  8.0  179P/Jedicke                                             MPC_75723
0180P         2015 12 12.0946  2.493092  0.353992   94.9278   84.5548   16.8685  20190228  11.0  4.0  180P/NEAT                                                MPC_10028
0181P         2022 01  9.4021  1.160006  0.700208  336.2872   35.4111   17.4854  20190228  11.5  4.0  181P/Shoemaker-Levy                                      MPC_89012
0182P         2017 04 11.7561  1.005504  0.660187   53.7902   72.7932   16.2477  20190228  18.0  4.0  182P/LONEOS                                              MPC_88331
0183P         2017 11 16.0097  3.874502  0.139143  161.9246    5.8002   18.7205  20190228  12.5  2.0  183P/Korlevic-Juric                                      MPC110085
0184P         2020 10 26.1103  1.696951  0.552100  186.4737  173.4428    4.5779  20190228  13.5  4.0  184P/Lovas                                               MPC105242
0185P         2018 01 27.6281  0.933881  0.698809  181.9099  214.0991   13.9940  20190228  15.0  4.0  185P/Petriew                                             MPC109593
0186P         2019 05  4.8139  4.389481  0.123598  283.7585  327.0965   28.4074  20190228   7.5  4.0  186P/Garradd                                             MPC_10028
0187P         2018 05 23.3646  3.879734  0.153956  132.8774  109.9196   13.6264  20190228   9.0  4.0  187P/LINEAR                                              MPC104795
0188P         2017 02 16.6911  2.563315  0.414685   26.6738  358.9627   10.5131  20190228  11.5  4.0  188P/LINEAR-Mueller                                      MPC106349
0189P         2017 08  6.0406  1.212983  0.588472   16.2321  281.7408   20.0710  20190228  19.0  4.0  189P/NEAT                                                MPC106349
0190P         2016 04  7.3174  2.033247  0.520246   50.3584  335.5539    2.1730  20190228  13.0  4.0  190P/Mueller                                             MPC_75724
0191P         2021 03 16.4594  2.210540  0.392352  284.0112   98.3810    8.8066  20190228  13.0  4.0  191P/McNaught                                            MPC_92277
0192P         2024 05 26.5761  1.476404  0.772128  312.8679   51.6695   24.5150  20190228  15.0  4.0  192P/Shoemaker-Levy                                      MPC_75724
0193P         2021 08 26.2122  2.166866  0.393767    8.3109  335.1948   10.6870  20190228  14.0  4.0  193P/LINEAR-NEAT                                         MPC_91618
0194P         2016 03  2.0825  1.692263  0.576037  130.6228  351.8588   11.1402  20190228  16.0  4.0  194P/LINEAR                                              MPC_98566
0195P         2025 07 30.6255  4.454588  0.313863  249.6534  243.0833   36.3431  20190228   8.5  4.0  195P/Hill                                                MPC_75724
0196P         2022 10 30.5293  2.164186  0.429553   12.4262   24.2441   19.3277  20190228  13.5  4.0  196P/Tichy                                               MPC_92985
0197P         2018 01 28.8542  1.060197  0.630121  188.7049   66.3929   25.5566  20190228  16.5  2.0  197P/LINEAR                                              MPC_94676
0198P         2018 12 13.9006  2.005934  0.443218   69.2920  358.2791    1.3379  20190228  12.5  4.0  198P/ODAS                                                MPC_65937
0199P         2023 08  7.4700  2.918325  0.505680  191.4724   92.3987   24.9348  20190228  10.0  4.0  199P/Shoemaker                                           MPC_75725
0200P         2019 07 28.4856  3.297244  0.331545  133.9762  234.8008   12.1058  20190228   9.0  4.0  200P/Larsen                                              MPC111774
0201P         2021 05 23.6023  1.246501  0.634304   28.0309   32.1309    6.5785  20190228  14.0  4.0  201P/LONEOS                                              MPC_93588
0202P         2016 06 21.0522  2.579901  0.328068  260.0014  193.4229    2.1480  20190228  13.5  4.0  202P/Scotti                                              MPC103849
0203P         2020 03  5.4109  3.199270  0.314723  154.9418  290.3560    2.9732  20190228  14.5  2.0  203P/Korlevic                                            MPC112393
0204P         2015 12 12.6536  1.910455  0.475664  354.8559  108.8356    6.6142  20190228  14.0  4.0  204P/LINEAR-NEAT                                         MPC_98566
0205P         2022 01 13.9137  1.533604  0.567283  154.1592  179.6027   15.2917  20190228  13.0  4.0  205P/Giacobini                                           MPC_98566
0206P         2021 03  4.4382  1.562431  0.551793  189.3756  202.5361   33.7084  20190228  19.0  4.0  206P/Barnard-Boattini                                    MPC_75725
0207P         2016 07  1.1922  0.933202  0.758833  271.2745  200.4182   10.1551  20190228  16.0  4.0  207P/NEAT                                                MPC_75725
0208P         2016 07  1.6592  2.540939  0.372535  310.3835   36.3976    4.4079  20190228  12.5  4.0  208P/McMillan                                            MPC101100
0209P         2019 06 12.8047  0.967527  0.673282  152.4973   62.7717   21.2586  20190228  17.0  2.0  209P/LINEAR                                              MPC_90771
0210P         2020 04  8.0156  0.529632  0.832899  345.8459   93.8286   10.2564  20190228  13.5  4.0  210P/Christensen                                         MPC105242
0211P         2016 01 26.8086  2.341117  0.340992    4.1698  117.1311   18.9094  20190228  12.5  4.0  211P/Hill                                                MPC_96868
0212P         2016 09 11.0142  1.631542  0.582326   14.9173   98.7088   22.5525  20190228  17.0  2.0  212P/NEAT                                                MPC104795
0213P         2017 09 24.4878  1.983114  0.407820    5.5771  311.3097   10.3783  20190228  10.5  4.0  213P/Van-Ness                                            MPC110085
0214P         2015 11 12.2012  1.855615  0.486584  190.3049  348.2740   15.1949  20190228  13.0  4.0  214P/LINEAR                                              MPC_92986
0215P         2019 11 16.7704  3.605148  0.168643  261.8206   56.7132   10.5836  20190228  11.0  4.0  215P/NEAT                                                MPC102102
0216P         2016 05 30.4266  2.147619  0.445266  151.4345  359.8354    9.0477  20190228  13.0  4.0  216P/LINEAR                                              MPC_10028
0217P         2017 07 16.5400  1.234541  0.687759  246.9075  125.4573   12.8598  20190228  12.0  4.0  217P/LINEAR                                              MPC108598
0218P         2020 10  3.6732  1.170083  0.622017   59.7289  176.0018    2.7251  20190228  16.0  4.0  218P/LINEAR                                              MPC105242
0219P         2017 02 20.6297  2.363485  0.352914  107.3496  231.0216   11.5294  20190228  11.0  4.0  219P/LINEAR                                              MPC_10028
0220P         2020 12 10.8668  1.552326  0.501583  180.5825  150.1115    8.1276  20190228  15.0  4.0  220P/McNaught                                            MPC105242
0221P         2021 12 17.7489  1.754921  0.492684   39.9638  229.7473   11.4281  20190228  14.5  4.0  221P/LINEAR                                              MPC_93589
0222P         2019 06  5.0492  0.828365  0.714264  346.2126    6.8151    5.0942  20190228  20.0  4.0  222P/LINEAR                                              MPC_92277
0223P         2019 01 27.2688  2.430873  0.415391   37.8243  346.7924   27.0139  20190228  12.0  4.0  223P/Skiff                                               MPC112394
0224P         2016 05 22.8788  2.014675  0.412205   16.8162   40.4798   13.3922  20190228  15.5  4.0  224P/LINEAR-NEAT                                         MPC_75727
0225P         2016 08 16.5505  1.325103  0.637189    3.8968   14.1832   21.3350  20190228  18.0  4.0  225P/LINEAR                                              MPC_75727
0226P         2016 09  4.5716  1.778019  0.528197  341.1042   54.0067   44.0040  20190228  12.5  4.0  226P/Pigott-LINEAR-Kowalski                              MPC106349
0227P         2017 06 22.3853  1.781460  0.502575   90.0929   49.7628    6.5218  20190228  16.5  2.0  227P/Catalina-LINEAR                                     MPC102956
0228P         2020 03 10.7759  3.435609  0.177333  115.3069   31.0039    7.9098  20190228  14.5  2.0  228P/LINEAR                                              MPC107687
0229P         2017 05 20.4803  2.454610  0.376022  224.0640  157.8948   26.0727  20190228  13.0  4.0  229P/Gibbs                                               MPC106349
0230P         2022 03  9.9481  1.501174  0.560682  313.5376  107.7727   15.2505  20190228  13.0  4.0  230P/LINEAR                                              MPC110497
0231P         2019 06 14.1826  3.022493  0.247687   42.7367  133.0287   12.3337  20190228  14.5  2.0  231P/LINEAR-NEAT                                         MPC102102
0232P         2019 04  6.5968  2.984526  0.334764   53.5508   56.0304   14.6306  20190228  11.5  4.0  232P/Hill                                                MPC112394
0233P         2020 10  1.8433  1.782720  0.411535   27.0972   74.9266   11.2842  20190228  15.0  4.0  233P/La-Sagra                                            MPC_92986
0234P         2017 05 30.4762  2.841911  0.253654  357.6359  179.6122   11.5160  20190228  12.0  4.0  234P/LINEAR                                              MPC110497
0235P         2018 03 17.8677  2.731206  0.316976  333.8343  204.4219    8.8952  20190228  12.0  4.0  235P/LINEAR                                              MPC110497
0236P         2017 11 20.1249  1.836807  0.507949  119.2310  245.6711   16.3341  20190228  14.0  4.0  236P/LINEAR                                              MPC107688
0237P         2016 10 12.0281  1.985042  0.434787   25.1167  245.4226   14.0251  20190228  14.5  2.0  237P/LINEAR                                              MPC109593
0238P         2016 10 22.0311  2.364995  0.252318  324.7989   51.6431    1.2646  20190228  14.5  4.0  238P/Read                                                MPC107688
0239P         2019 01 10.1605  1.649476  0.631002  220.3790  255.9084   11.3056  20190228  17.5  2.0  239P/LINEAR                                              MPC112394
0240P         2018 05 15.8034  2.133623  0.448813  352.0722   74.9270   23.5042  20190228  11.0  4.0  240P/NEAT                                                MPC109593
0241P         2021 07 26.0807  1.939040  0.609166  110.5833  305.6422   20.9199  20190228  13.5  4.0  241P/LINEAR                                              MPC_75729
0242P         2025 01 10.2073  3.955043  0.277606  246.4490  180.5818   32.4845  20190228   8.0  4.0  242P/Spahr                                               MPC_81861
0243P         2018 08 25.9998  2.454393  0.359414  283.5522   87.6578    7.6416  20190228  12.5  4.0  243P/NEAT                                                MPC111774
0244P         2022 11 17.1362  3.929013  0.197571   92.8401  354.0013    2.2584  20190228   9.0  4.0  244P/Scotti                                              MPC_88331
0245P         2018 02  8.7214  2.190302  0.457789  316.7087  316.6739   21.1981  20190228  14.0  4.0  245P/WISE                                                MPC111774
0246P         2021 02 22.1861  2.866062  0.286766  176.1274   78.7515   15.9872  20190228  10.5  4.0  246P/NEAT                                                MPC_93589
0247P         2018 12  2.1029  1.489067  0.624956   47.4496   54.0103   13.6615  20190228  16.5  2.0  247P/LINEAR                                              MPC112394
0248P         2025 09 21.3085  2.169015  0.637767  210.0060  207.7567    6.3478  20190228  14.0  4.0  248P/Gibbs                                               MPC_75730
0249P         2020 06 29.5412  0.497275  0.819955   65.5778  239.1913    8.3969  20190228  15.5  4.0  249P/LINEAR                                              MPC105243
0250P         2018 02  2.4571  2.214237  0.406915   45.1903   73.6779   13.2912  20190228  14.5  4.0  250P/Larson                                              MPC110497
0251P         2017 07 16.5934  1.733409  0.505881   31.2012  219.4076   23.4191  20190228  16.5  2.0  251P/LINEAR                                              MPC104795
0252P         2021 07 10.7915  0.998541  0.672418  343.3444  190.9545   10.4176  20190228  17.5  4.0  252P/LINEAR                                              MPC102956
0253P         2018 05  7.6880  2.036517  0.413026  230.7104  146.8768    4.9405  20190228  14.5  4.0  253P/PANSTARRS                                           MPC112394
0254P         2020 09 28.6054  3.137290  0.322136  219.2435  129.2580   32.4975  20190228  11.0  4.0  254P/McNaught                                            MPC_81473
0255P         2017 05  4.4308  1.001292  0.670199  179.8934  279.4218   18.4264  20190228  20.0  4.0  255P/Levy                                                NK_2214
0256P         2023 03 11.1843  2.692304  0.419088  124.3227   81.3475   27.6398  20190228  14.0  2.0  256P/LINEAR                                              MPC_84027
0257P         2020 09 11.1503  2.140346  0.430719  117.7668  207.7841   20.2363  20190228  11.5  4.0  257P/Catalina                                            MPC_88332
0258P         2020 06 19.6482  3.481114  0.209617   26.1324  126.2515    6.7445  20190228  13.0  4.0  258P/PANSTARRS                                           MPC_79655
0259P         2017 08  4.1598  1.808467  0.338015  257.5168   51.4816   15.8890  20190228  15.5  4.0  259P/Garradd                                             MPC106349
0260P         2019 09  9.9339  1.416861  0.608885   18.3642  349.3638   15.0511  20190228  13.5  4.0  260P/McNaught                                            MPC102102
0261P         2019 06 18.6377  2.013425  0.422710   67.1022  291.1669    6.0760  20190228  14.0  4.0  261P/Larson                                              MPC102102
0262P         2012 11 29.7933  1.276935  0.814421  171.0137  217.9355   29.1202  20190228  13.5  4.0  262P/McNaught-Russell                                    MPC_82322
0263P         2017 09 29.9553  1.260335  0.588026   34.5401  105.8065   11.5426  20190228  18.0  4.0  263P/Gibbs                                               MPC_82323
0264P         2019 08  4.9333  2.438526  0.373724  346.6216  220.9030   25.1506  20190228  13.0  4.0  264P/Larsen                                              MPC102102
0265P         2021 02  8.8517  1.490500  0.648691   33.3406  343.2899   14.3747  20190228  14.5  4.0  265P/LINEAR                                              MPC_79870
0266P         2020 04 19.6184  2.334617  0.339368   97.9125    5.0089    3.4271  20190228  12.5  4.0  266P/Christensen                                         MPC_90771
0267P         2018 07 22.3223  1.241052  0.613662  114.0785  228.6889    6.1380  20190228  19.5  4.0  267P/LONEOS                                              MPC_81862
0268P         2015 04 25.9887  2.416446  0.469664    0.2161  127.5907   16.1117  20190228  14.0  4.0  268P/Bernardi                                            MPC_92277
0269P         2014 10  5.8298  4.024944  0.431983  226.0738  241.7036    7.0728  20190228  10.0  4.0  269P/Jedicke                                             MPC104795
0270P         2013 06 10.2376  3.556914  0.467011  210.0537  222.9584    2.9166  20190228   8.0  4.0  270P/Gehrels                                             MPC_88332
0271P         2013 07 10.0063  4.286454  0.392561   36.6354    9.2899    6.8594  20190228  11.0  4.0  271P/van-Houten-Lemmon                                   MPC_92277
0272P         2022 07 17.6306  2.428492  0.454397   28.0731  109.4732   18.0779  20190228  16.0  2.0  272P/NEAT                                                MPC_81862
0273P         2012 12 16.6417  0.819254  0.974064   20.2348  320.3992  136.6335  20190228  11.5  4.0  273P/Pons-Gambart                                        MPC_82723
0274P         2022 04  9.2154  2.452170  0.438643   38.5906   81.3364   15.8178  20190228  13.0  4.0  274P/Tombaugh-Tenagra                                    MPC_88332
0275P         2012 12 26.1347  1.654164  0.713260  174.1385  348.7482   21.3112  20190228  15.0  4.0  275P/Hermann                                             MPC_81862
0276P         2024 12 22.5307  3.871680  0.269279  200.4511  211.5949   14.8718  20190228  11.5  4.0  276P/Vorobjov                                            MPC_84935
0277P         2020 12 30.3433  1.908885  0.504892  152.1868  276.3391   16.7744  20190228  14.0  4.0  277P/LINEAR                                              MPC105243
0278P         2020 09 11.9475  2.088086  0.434840  238.0112   15.4608    6.6839  20190228  14.0  4.0  278P/McNaught                                            MPC105243
0279P         2016 07 14.4430  2.156178  0.397310    5.7738  346.2245    5.0484  20190228  14.0  4.0  279P/La-Sagra                                            MPC_10028
0280P         2023 08  2.8739  2.633403  0.418469  104.7397  131.4226   11.7712  20190228  12.5  4.0  280P/Larsen                                              MPC_89013
0281P         2023 02  5.5982  4.031610  0.171500   27.1238   87.1710    4.7198  20190228  11.0  4.0  281P/MOSS                                                MPC_83145
0282P         2021 10 22.7231  3.442502  0.189547  217.3153    9.3258    5.8088  20190228  13.5  2.0  282P                                                     unp
0283P         2021 09  7.7666  2.129146  0.485480   22.2838  161.1694   14.4568  20190228  16.0  2.0  283P/Spacewatch                                          MPC_84027
0284P         2021 09 13.9168  2.293068  0.375683  202.7412  144.2899   11.8590  20190228  13.0  4.0  284P/McNaught                                            MPC_93589
0285P         2023 01 13.7722  1.724805  0.617508  178.4242  185.4754   25.0127  20190228  15.0  4.0  285P/LINEAR                                              MPC_85339
0286P         2022 05 12.8062  2.366870  0.424657   24.6884  283.9584   17.0433  20190228  14.0  4.0  286P/Christensen                                         MPC_90771
0287P         2014 12 28.0916  3.045633  0.269809  188.7995  139.0311   16.3122  20190228  13.5  4.0  287P/Christensen                                         MPC_96868
0288P         2016 11  7.6301  2.434174  0.201208  280.8594   83.1873    3.2403  20190228  16.0  2.0  288P                                                     unp
0289P         2019 12 20.9927  0.959151  0.685049    9.8346   68.9276    5.8977  20190228  10.0  4.0  289P/Blanpain                                            MPC102102
0290P         2014 03 12.1519  2.159792  0.647716  180.9326  303.2587   19.1777  20190228  10.5  4.0  290P/Jager                                               MPC_95214
0291P         2023 05  7.7015  2.504016  0.441394  174.7122  238.3494    6.3829  20190228  13.0  4.0  291P/NEAT                                                MPC_89314
0292P         2014 01 30.5599  2.524289  0.587172  319.5481   91.0024   24.2519  20190228  12.5  4.0  292P/Li                                                  MPC110085
0293P         2020 12 19.5075  2.118503  0.418169   41.1602   78.4093    9.0573  20190228  14.5  4.0  293P/Spacewatch                                          MPC_92278
0294P         2019 11 29.7040  1.300480  0.594289  235.5214  312.6026   18.2135  20190228  15.5  4.0  294P/LINEAR                                              MPC_89013
0295P         2014 05 10.4913  2.036183  0.616332   73.0031    7.4790   21.0835  20190228  12.0  4.0  295P/LINEAR                                              MPC_93589
0296P         2020 09 17.8324  1.824439  0.478495  350.0645  263.6414   25.2350  20190228  14.0  4.0  296P/Garradd                                             MPC_92278
0297P         2021 01 22.4406  2.344233  0.319499  132.3867   97.6609   10.3281  20190228  15.0  4.0  297P/Beshore                                             MPC102956
0298P         2020 09  6.4129  2.202088  0.387132  100.7365   52.8306    7.8717  20190228  15.0  4.0  298P/Christensen                                         MPC105243
0299P         2015 02 24.7955  3.143366  0.282604  323.8388  271.6251   10.4776  20190228  11.5  4.0  299P/Catalina-PANSTARRS                                  MPC101100
0300P         2018 11  2.0535  0.832807  0.691498  222.8529   95.6709    5.6764  20190228  16.0  4.0  300P/Catalina                                            MPC111774
0301P         2014 09  1.4017  2.370880  0.586600  193.7221  351.1776   10.3554  20190228  13.0  4.0  301P/LINEAR-NEAT                                         MPC_89014
0302P         2016 04 30.2615  3.298674  0.229154  208.1626  121.7545    6.0323  20190228  12.5  4.0  302P/Lemmon-PANSTARRS                                    MPC108598
0303P         2014 10 13.5701  2.480022  0.509162  356.8497  347.9818    7.0105  20190228  13.5  4.0  303P/NEAT                                                MPC_92278
0304P         2020 08 11.2039  1.254359  0.602631  335.0417   59.0553    2.6246  20190228  16.5  4.0  304P/Ory                                                 MPC_92987
0305P         2014 11 15.0902  1.429997  0.692256  147.2832  240.1492   11.6362  20190228  18.0  4.0  305P/Skiff                                               MPC101100
0306P         2020 01 22.8523  1.269012  0.593422    0.8018  341.4242    8.3118  20190228  19.0  4.0  306P/LINEAR                                              MPC_92278
0307P         2014 12 18.9500  1.894890  0.673252  222.2452  158.0988    4.4271  20190228  15.0  4.0  307P/LINEAR                                              MPC_91619
0308P         2015 05  5.1232  4.220179  0.362050  333.7714   63.1331    4.8489  20190228  13.0  2.0  308P/Lagerkvist-Carsenty                                 MPC109148
0309P         2015 02 13.2238  1.667628  0.618274   49.9952   10.2448   17.0497  20190228  15.0  4.0  309P/LINEAR                                              MPC_94284
0310P         2015 04 15.0552  2.412600  0.422198   31.9665    8.9508   13.1362  20190228  13.5  4.0  310P/Hill                                                MPC_98566
0311P         2020 10  6.4331  1.937420  0.115142  144.2214  279.2318    4.9680  20190228  17.0  4.0  311P/PANSTARRS                                           MPC109593
0312P         2020 09 25.1138  1.979508  0.428715  207.6022  144.7697   19.7581  20190228  16.0  4.0  312P/NEAT                                                MPC_92279
0313P         2020 04 14.2770  2.419773  0.235572  254.3744  105.9767   10.9777  20190228  15.0  4.0  313P/Gibbs                                               MPC111774
0314P         2016 10 10.1376  4.242023  0.417284  214.1925  267.6245    3.9788  20190228   9.5  4.0  314P/Montani                                             MPC105243
0315P         2016 12  6.5763  2.388050  0.521007   66.3085   69.4769   17.9912  20190228  11.0  4.0  315P/LONEOS                                              MPC111774
0316P         2015 11  4.6835  3.609993  0.165803  193.5470  246.7669    9.9072  20190228  13.5  4.0  316P/LONEOS-Christensen                                  MPC_92279
0317P         2020 09 26.1110  1.274319  0.570443  334.8671  275.5194   11.9500  20190228  17.5  4.0  317P/WISE                                                MPC102103
0318P         2015 10 22.5780  2.442045  0.674288  313.0871   35.7076   17.8701  20190228   8.5  6.0  318P/McNaught-Hartley                                    MPC102103
0319P         2022 03 31.6853  1.192663  0.665977  203.5917  111.3694   15.0915  20190228  15.0  4.0  319P/Catalina-McNaught                                   MPC_97499
0320P         2021 01 17.2119  0.973646  0.685456    0.7416  295.9220    4.9075  20190228  20.5  4.0  320P/McNaught                                            MPC_95736
0321P         2020 01 17.2665  0.045951  0.981033  172.7158  165.0494   20.0293  20190228  20.0  4.0  321P/SOHO                                                MPEC_2017-L52
0321P         2020 01 17.2389  0.045845  0.981077  172.5581  165.2020   20.1758  20190228  20.0  4.0  321P/SOHO                                                MPC_94284
0322P         2019 08 31.5028  0.050657  0.979816   56.7885  351.6227   11.4761  20190228  19.0  4.0  322P/SOHO                                                MPC102103
0323P         2021 01 17.9509  0.039405  0.984745  354.3397  322.9807    4.6905  20190228  20.0  4.0  323P/SOHO                                                MPC102957
0324P         2021 05  8.6513  2.616290  0.154309   58.2934  270.6424   21.4239  20190228  13.0  4.0  324P/La-Sagra                                            MPC108598
0325P         2022 03 28.4943  1.430817  0.594016  343.6607  257.5800   16.7033  20190228  14.0  4.0  325P/Yang-Gao                                            MPC_95736
0326P         2015 10 21.5700  2.778284  0.316751  278.6620   99.8132    2.4707  20190228  13.5  4.0  326P/Hill                                                MPC103849
0327P         2015 12 11.8572  1.560177  0.562241  185.0344  173.9618   36.2210  20190228  16.0  4.0  327P/Van-Ness                                            MPC_97499
0328P         2015 12 23.6295  1.885663  0.550867   30.5345  341.6009   17.6551  20190228  14.5  4.0  328P/LONEOS-Tucker                                       MPC109148
0329P         2015 12  2.2163  1.676735  0.677301  343.6128   87.6898   21.6616  20190228  13.5  4.0  329P/LINEAR-Catalina                                     MPC101101
0330P         2016 08 31.0861  2.976161  0.551493  188.7531  293.2391   15.6590  20190228  12.0  4.0  330P/Catalina                                            MPC105243
0331P         2020 09 25.5035  2.883329  0.040335  182.8547  216.7918    9.7403  20190228  12.0  4.0  331P/Gibbs                                               MPC110497
0332P         2021 08 18.4497  1.575011  0.489736  152.4245    3.7918    9.3846  20190228  18.0  4.0  332P/Ikeya-Murakami                                      MPEC_2016-K18
0332P         2021 08 18.4496  1.575012  0.489735  152.4243    3.7918    9.3846  20190228  18.0  4.0  332P-A/Ikeya-Murakami                                    MPC_99822
0332P         2016 03 17.1650  1.572891  0.489707  152.3711    3.8028    9.3805  0         19.0  4.0  332P-B/Ikeya-Murakami                                    MPEC_2016-EI8
0332P         2021 08 18.3719  1.574979  0.489740  152.4157    3.7922    9.3837  20190228  16.5  4.0  332P-C/Ikeya-Murakami                                    MPC_99822
0332P         2016 03 17.2819  1.572064  0.489778  152.4393    3.7923    9.3761  0         19.0  4.0  332P-D/Ikeya-Murakami                                    MPEC_2016-ED0
0332P         2016 03 17.0610  1.573139  0.489220  152.2825    3.8228    9.3774  0         21.0  4.0  332P-E/Ikeya-Murakami                                    MPEC_2016-ED0
0332P         2016 03 17.8554  1.584174  0.499189  152.8203    3.4757    9.5293  0         21.0  4.0  332P-F/Ikeya-Murakami                                    MPEC_2016-ED0
0332P         2016 03 19.5375  1.549652  0.492004  154.4000    3.6955    9.2523  0         19.0  4.0  332P-G/Ikeya-Murakami                                    MPEC_2016-ED0
0332P         2021 08 18.7303  1.574963  0.489776  152.4165    3.7919    9.3842  20190228  19.0  4.0  332P-H/Ikeya-Murakami                                    MPC100285
0332P         2021 08 18.7303  1.574963  0.489776  152.4165    3.7919    9.3842  20190228  19.0  4.0  332P-H/Ikeya-Murakami                                    MPEC_2016-K18
0332P         2016 03 17.3515  1.573073  0.489555  152.3297    3.8048    9.3791  0         20.5  2.0  332P-I/Ikeya-Murakami                                    MPEC_2016-ED0
0332P         2016 03 17.7739  1.575357  0.494294  152.7712    3.6729    9.4296  0         22.5  2.0  332P-J/Ikeya-Murakami                                    MPEC_2016-EI8
0333P         2016 04  3.5257  1.114875  0.735986   26.1172  115.5789  131.8742  20190228  15.0  4.0  333P/LINEAR                                              MPC104796
0334P         2017 05 17.4897  4.198025  0.372017   82.8607   91.6237   19.5089  20190228  10.5  4.0  334P/NEAT                                                MPC111774
0335P         2015 11  5.2552  1.629507  0.544730  162.2730  330.8438    7.2883  20190228  17.0  4.0  335P/Gibbs                                               MPC_10028
0336P         2017 02  3.3390  2.783499  0.446171  308.6006  298.2436   17.8350  20190228  13.5  4.0  336P/McNaught                                            MPC105244
0337P         2016 07 13.6465  1.654075  0.496943  160.9337  106.0755   15.3712  20190228  17.0  4.0  337P/WISE                                                MPC112394
0338P         2016 11 21.8421  2.300020  0.410371    4.4495    9.7957   25.3541  20190228  12.0  4.0  338P/McNaught                                            MPC104796
0339P         2016 07 24.0253  1.342263  0.636618   27.4978  172.7706    5.7408  20190228  17.0  4.0  339P/Gibbs                                               MPC101101
0340P         2016 11 18.5827  3.061383  0.280060   35.7602  291.7307    2.0792  20190228  13.0  4.0  340P/Boattini                                            MPC102957
0341P         2016 05 26.8065  2.516873  0.414266  312.0839   30.0404    3.7933  20190228  12.5  4.0  341P/Gibbs                                               MPC109148
0342P         2021 10 20.9940  0.052873  0.982618   57.3804   44.0510   12.9739  20190228  20.0  4.0  342P/SOHO                                                MPC101101
0343P         2017 01 27.4917  2.278609  0.583238  137.4520  257.2514    5.5828  20190228  14.0  4.0  343P/NEAT-LONEOS                                         MPC109148
0344P         2016 10 31.7830  2.820062  0.421188  140.5294  273.1914    3.4902  20190228  13.0  4.0  344P/Read                                                MPC109148
0345P         2016 07 15.3534  3.154768  0.219741  196.3967  154.5013    2.7251  20190228  12.0  4.0  345P/LINEAR                                              MPC109148
0346P         2017 02 15.3266  2.224605  0.503119  336.0323  102.4796   22.1835  20190228  14.0  4.0  346P/Catalina                                            MPC110086
0347P         2016 09 11.2184  2.221321  0.384583   98.3170  261.0525   11.7475  20190228  15.0  4.0  347P/PANSTARRS                                           MPC108599
0348P         2016 06 25.1469  2.206943  0.303064  134.5948  313.1731   17.6157  20190228  14.0  4.0  348P/PANSTARRS                                           MPC104796
0349P         2017 08 26.5484  2.498912  0.300039  255.9704  331.7628    5.4927  20190228  14.0  4.0  349P/Lemmon                                              MPC112394
0350P         2018 01  9.5635  3.743089  0.090874  143.9048   65.4963    7.3668  20190228  14.0  4.0  350P/McNaught                                            MPC111775
0351P         2015 11 17.6978  3.121486  0.296259  352.5109  283.4543   12.7891  20190228  12.5  4.0  351P/PANSTARRS                                           MPC105244
0352P         2017 06 21.6668  2.535128  0.617671  309.0750   28.1499   21.0137  20190228  11.5  4.0  352P/Skiff                                               MPC110086
0353P         2017 12 20.9529  2.213657  0.469380  230.3908  121.5636   28.4167  20190228  14.5  4.0  353P/McNaught                                            MPC108599
0354P         2020 04 27.8297  2.002167  0.125505  133.1700  320.1349    5.2555  20190228  15.5  4.0  354P/LINEAR                                              MPC105545
0355P         2017 10 12.6014  1.715372  0.506344  336.2946   51.4587   11.0324  20190228  15.5  2.0  355P/LINEAR-NEAT                                         MPC109594
0356P         2017 12 16.9229  2.689079  0.354151  226.1277  160.7963    9.6298  20190228  14.0  4.0  356P/WISE                                                MPC109148
0357P         2018 05 28.8776  2.526297  0.434271    1.5028   44.6066    6.3084  20190228  15.5  4.0  357P/Hill                                                MPC112394
0358P         2018 04 11.4844  2.401693  0.237657  299.8531   85.7201   11.0571  20190228  18.0  4.0  358P/PANSTARRS                                           MPC106350
0359P         2017 08 20.4533  3.139033  0.323365  200.1074  149.7801   10.2610  20190228  13.5  4.0  359P/LONEOS                                              MPC110086
0360P         2017 08 18.4042  1.859791  0.497986  354.1254    2.2186   24.0797  20190228  19.5  6.0  360P/WISE                                                MPC108599
0361P         2018 07  2.4074  2.780158  0.437827  219.1934  203.2731   13.8820  20190228  12.0  4.0  361P/Spacewatch                                          MPC112394
0362P         2016 08 24.0186  2.852765  0.280506   53.5556  192.6109   15.5677  20190228  12.9  2.0  362P                                                     MPEC_2017-V13
0363P         2018 03 23.0997  1.508406  0.557503  315.4121  169.8606    3.9735  20190228  17.5  4.0  363P/Lemmon                                              MPC110086
0364P         2018 06 24.3661  0.797942  0.722699  211.9394   46.2207   12.1549  20190228  17.0  2.0  364P/PANSTARRS                                           MPC112394
0365P         2018 02 10.8065  1.357681  0.573731   66.3516   87.4368    9.8400  20190228  17.0  4.0  365P/PANSTARRS                                           MPC111775
0366P         2018 07 21.5820  2.277335  0.348941  153.2491   70.7564    8.8598  20190228  15.0  4.0  366P/Spacewatch                                          MPC110086
0367P         2018 06 21.8386  2.521202  0.281030  172.9856   58.7185    8.4640  20190228  17.5  2.0  367P/Catalina                                            MPC112395
0368P         2018 09 14.2480  2.067745  0.625829  118.8031  257.9771   15.4849  20190228  14.0  4.0  368P/NEAT                                                MPC112395
0369P         2018 10 15.1442  1.957106  0.554202   13.2788   47.3201   10.3080  20190228  15.0  4.0  369P/Hill                                                MPC112395
0370P         2018 06  9.4447  2.485136  0.614340  356.7619   55.1625   19.3970  20190228  13.0  4.0  370P/NEAT                                                MPC112395
0371P         2018 10  4.5855  2.191028  0.476018  308.4776   67.3347   17.3798  20190228  16.0  4.0  371P/LINEAR-Skiff                                        MPC112395
0372P         2018 10 19.4341  3.815133  0.151875   26.9462  325.8406    9.5104  20190228  13.5  4.0  372P/McNaught                                            MPC111775
0373P         2019 04  9.1562  2.313444  0.392464  221.2152  231.9584   13.7577  20190228  14.5  4.0  373P/Rinner                                              MPC112395
0374P         2019 01 10.8524  2.676619  0.462276   51.5892    7.9337   10.7577  20190228  14.0  4.0  374P/Larson                                              MPC112395
0375P         2018 12 21.4389  1.895194  0.659257  119.4282  359.9635   17.3657  20190228  16.0  4.0  375P/Hill                                                MPC112395
